0.250000000E+02
0.700000000E-13
0.300000000E-13
0.250000120E+02
0.700000000E-13
0.300000000E-13
0.250000239E+02
0.700000000E-13
0.300000000E-13
0.250000371E+02
0.700000000E-13
0.300000000E-13
0.250000516E+02
0.700000000E-13
0.300000000E-13
0.250000676E+02
0.700000000E-13
0.300000000E-13
0.250000851E+02
0.700000000E-13
0.300000000E-13
0.250001045E+02
0.700000000E-13
0.300000000E-13
0.250001257E+02
0.700000000E-13
0.300000000E-13
0.250001491E+02
0.700000000E-13
0.300000000E-13
0.250001748E+02
0.700000000E-13
0.300000000E-13
0.250002032E+02
0.700000000E-13
0.300000000E-13
0.250002343E+02
0.700000000E-13
0.300000000E-13
0.250002686E+02
0.700000000E-13
0.300000000E-13
0.250003063E+02
0.700000000E-13
0.300000000E-13
0.250003478E+02
0.700000000E-13
0.300000000E-13
0.250003935E+02
0.700000000E-13
0.300000000E-13
0.250004437E+02
0.700000000E-13
0.300000000E-13
0.250004990E+02
0.700000000E-13
0.300000000E-13
0.250005598E+02
0.700000000E-13
0.300000000E-13
0.250006268E+02
0.700000000E-13
0.300000000E-13
0.250007004E+02
0.700000000E-13
0.300000000E-13
0.250007815E+02
0.700000000E-13
0.300000000E-13
0.250008707E+02
0.700000000E-13
0.300000000E-13
0.250009688E+02
0.700000000E-13
0.300000000E-13
0.250010768E+02
0.700000000E-13
0.300000000E-13
0.250011956E+02
0.700000000E-13
0.300000000E-13
0.250013264E+02
0.700000000E-13
0.300000000E-13
0.250014703E+02
0.700000000E-13
0.300000000E-13
0.250016287E+02
0.700000000E-13
0.300000000E-13
0.250018030E+02
0.700000000E-13
0.300000000E-13
0.250019949E+02
0.700000000E-13
0.300000000E-13
0.250022060E+02
0.700000000E-13
0.300000000E-13
0.250024384E+02
0.700000000E-13
0.300000000E-13
0.250026941E+02
0.700000000E-13
0.300000000E-13
0.250029756E+02
0.700000000E-13
0.300000000E-13
0.250032854E+02
0.700000000E-13
0.300000000E-13
0.250036265E+02
0.700000000E-13
0.300000000E-13
0.250040018E+02
0.700000000E-13
0.300000000E-13
0.250044150E+02
0.700000000E-13
0.300000000E-13
0.250048699E+02
0.700000000E-13
0.300000000E-13
0.250053706E+02
0.700000000E-13
0.300000000E-13
0.250059218E+02
0.700000000E-13
0.300000000E-13
0.250065286E+02
0.700000000E-13
0.300000000E-13
0.250071967E+02
0.700000000E-13
0.300000000E-13
0.250079322E+02
0.700000000E-13
0.300000000E-13
0.250087419E+02
0.700000000E-13
0.300000000E-13
0.250091098E+02
0.700000000E-13
0.300000000E-13
